00000000000000000000
11111000000000000000
01010110100000000000
11111111110000000000
00011100011000000000
10011001101100000000
00011111101010000000
01000000111010000000
11111000111110000000
10011100000101000000
01001001010011000000
11011101111011000000
11101010001100100000
00010110111110100000
00001101100001100000
10010111001011100000
00000010000111100000
01000011000010010000
01001111101001010000
01100000100111010000
11011001010000110000
10001101011100110000
10101111000110110000
01111111110101110000
11100100001111110000
11011010011010001000
00000001011001001000
10101111101111001000
11100100100010101000
00111101100111101000
01000100010000011000
01100111000100011000
11111000101101011000
00001100110111011000
00001111000000111000
10110000001100111000
01010101001001111000
01101110011111111000
11111001100011000100
11001011010100100100
00010100010010100100
00011101001111100100
01011101110000010100
10101000001100010100
01001010111110010100
00001000111101110100
11011100010000001100
00000011000110001100
10001101111110001100
11110000111001001100
11111111101100101100
10100100000001101100
00000111111101101100
01101110100011101100
01011110101100011100
01001101100101011100
00000000000100111100
00111001110100111100
11110100001010111100
01011000110011111100
11110011111111111100
10110010001111000010
01001001110000100010
11001111111100100010
00111001101011100010
10000111101100010010
01101000010110110010
00011101000100001010
11111110011100001010
11011110101010101010
01001100001110101010
10000010000001101010
01010110110110011010
10001001110101011010
11011111000001111010
10100001001000000110
00111100110110000110
11001100000100100110
11111101001001100110
01100011111001100110
01000000001111100110
11011111011111100110
01001011000100010110
10101000110111010110
11100101011101110110
00000101011100001110
11000110001011001110
00000101100111101110
11100000011000011110
01000111000001011110
01110110111001011110
10011010010000111110
00100001010101111110
01011111101011111110
11100010000111000001
11110111011000100001
11001001110110100001
11101001111001110001
11010110000101110001
00000110101011110001
00100101111111110001
00110101010000001001
01000110100011001001
10111100000100101001
01011100111001101001
00110000001111101001
10000010110100011001
11010110111101011001
10000100100110111001
00010010000100000101
00111111000000100101
01100011110000110101
11100001101110110101
01111100101010001101
11000000001000101101
10010110010111101101
01010010001010011101
10111111100011011101
01000101111001111101
11011011001000000011
00101010111100000011
11110101111111000011
00110000000000100011
11111000110100100011
00000111111001100011
01110001001100010011
10010101100011010011
00101000111011110011
